image: map2_gs.png
resolution: 0.050000
origin: [-26.2781867981, -36.243309021, 0.000000]
negate: 0
occupied_thresh: 0.65
free_thresh: 0.196

