image: map3_gs.png
resolution: 0.050000
origin: [-3.97649860382, 3.19132566452, -1.5707]
negate: 0
occupied_thresh: 0.65
free_thresh: 0.196

